x white assets\white.png
b sphere sphere sphere 1
0 24 white
v sphere pnt 14
0.866025 0.500000 0.000000 0.866025 0.500000 0.000000 0 0
0.433013 0.500000 0.750000 0.433013 0.500000 0.750000 0 0
-0.433013 0.500000 0.750000 -0.433013 0.500000 0.750000 0 0
-0.866025 0.500000 -0.000000 -0.866025 0.500000 -0.000000 0 0
-0.433013 0.500000 -0.750000 -0.433013 0.500000 -0.750000 0 0
0.433013 0.500000 -0.750000 0.433013 0.500000 -0.750000 0 0
0.866025 -0.500000 0.000000 0.866025 -0.500000 0.000000 0 0
0.433013 -0.500000 0.750000 0.433013 -0.500000 0.750000 0 0
-0.433013 -0.500000 0.750000 -0.433013 -0.500000 0.750000 0 0
-0.866025 -0.500000 -0.000000 -0.866025 -0.500000 -0.000000 0 0
-0.433013 -0.500000 -0.750000 -0.433013 -0.500000 -0.750000 0 0
0.433013 -0.500000 -0.750000 0.433013 -0.500000 -0.750000 0 0
0.000000 1.000000 0.000000 0.000000 1.000000 0.000000 0 0
0.000000 -1.000000 0.000000 0.000000 -1.000000 0.000000 0 0
i sphere 72
0 1 6
6 1 7
1 2 7
7 2 8
2 3 8
8 3 9
3 4 9
9 4 10
4 5 10
10 5 11
5 0 11
11 0 6
12 1 0
12 2 1
12 3 2
12 4 3
12 5 4
12 0 5
13 6 7
13 7 8
13 8 9
13 9 10
13 10 11
13 11 6
