x white assets\green_orange.png
b cube cube cube 1
0 12 white
v cube pnt 24
-0.5 0.5 0.5  0 0 1  0 0 
-0.5 -0.5 0.5  0 0 1  0 0 
0.5 0.5 0.5  0 0 1  0 0 
0.5 -0.5 0.5  0 0 1  0 0 
0.50 0.50 0.50  1 0 0   0 0
0.50 -0.50 0.50  1 0 0   0 0
0.50 0.50 -0.50  1 0 0   0 0
0.50 -0.50 -0.50  1 0 0   0 0
0.50 0.50 -0.50  0 0 -1  0 0
0.50 -0.50 -0.50  0 0 -1  0 0
-0.50 -0.50 -0.50  0 0 -1  0 0
-0.50 0.50 -0.50  0 0 -1  0 0
-0.50 0.50 -0.50  -1 0 0   0 0
-0.50 -0.50 -0.50  -1 0 0   0 0
-0.50 0.50 0.50  -1 0 0   0 0
-0.50 -0.50 0.50  -1 0 0   0 0
-0.50 0.50 -0.50  0 1 0  1 0 
-0.50 0.50 0.50  0 1 0  1 0 
0.50 0.50 -0.50  0 1 0  1 0 
0.50 0.50 0.50  0 1 0  1 0 
-0.50 -0.50 -0.50  0 -1 0  1 0 
0.50 -0.50 -0.50  0 -1 0  1 0 
-0.50 -0.50 0.50  0 -1 0  1 0 
0.50 -0.50 0.50  0 -1 0  1 0 
i cube 36
0 1 2
2 1 3
4 5 6
6 5 7
8  9 10
8 10 11
12 13 14
14 13 15
16 17 18
18 17 19
20 21 22
22 21 23
