x white assets\white.png

b sphere pSphere1 pSphere1 1
0 120 white

v pSphere1 pnt 89
0.001299 -0.002598 -0.00075  0.189015 -0.963611 -0.189015  0 0.833333  
0.00075 -0.002598 -0.001299  0.069184 -0.963611 -0.258199  0.083333 0.833333  
0 -0.002598 -0.0015  -0.069184 -0.963611 -0.258199  0.166667 0.833333  
-0.00075 -0.002598 -0.001299  -0.189015 -0.963611 -0.189015  0.25 0.833333  
-0.001299 -0.002598 -0.00075  -0.258199 -0.963611 -0.069184  0.333333 0.833333  
-0.0015 -0.002598 0  -0.258199 -0.963611 0.069184  0.416667 0.833333  
-0.001299 -0.002598 0.00075  -0.189015 -0.963611 0.189015  0.5 0.833333  
-0.00075 -0.002598 0.001299  -0.069184 -0.963611 0.258199  0.583333 0.833333  
0 -0.002598 0.0015  0.069184 -0.963611 0.258199  0.666667 0.833333  
0.00075 -0.002598 0.001299  0.189015 -0.963611 0.189015  0.75 0.833333  
0.001299 -0.002598 0.00075  0.258199 -0.963611 0.069184  0.833333 0.833333  
0.0015 -0.002598 0  0.258199 -0.963611 -0.069184  0.916667 0.833333  
0.001299 -0.002598 -0.00075  0.258199 -0.963611 -0.069184  1 0.833333  
0.00225 -0.0015 -0.001299  0.68455 -0.250563 -0.68455  0 0.666667  
0.001299 -0.0015 -0.00225  0.250563 -0.250563 -0.935113  0.083333 0.666667  
0 -0.0015 -0.002598  -0.250563 -0.250563 -0.935113  0.166667 0.666667  
-0.001299 -0.0015 -0.00225  -0.68455 -0.250563 -0.68455  0.25 0.666667  
-0.00225 -0.0015 -0.001299  -0.935113 -0.250563 -0.250563  0.333333 0.666667  
-0.002598 -0.0015 0  -0.935113 -0.250563 0.250563  0.416667 0.666667  
-0.00225 -0.0015 0.001299  -0.68455 -0.250563 0.68455  0.5 0.666667  
-0.001299 -0.0015 0.00225  -0.250563 -0.250563 0.935113  0.583333 0.666667  
0 -0.0015 0.002598  0.250563 -0.250563 0.935113  0.666667 0.666667  
0.001299 -0.0015 0.00225  0.68455 -0.250563 0.68455  0.75 0.666667  
0.00225 -0.0015 0.001299  0.935113 -0.250563 0.250563  0.833333 0.666667  
0.002598 -0.0015 0  0.935113 -0.250563 -0.250563  0.916667 0.666667  
0.00225 -0.0015 -0.001299  0.935113 -0.250563 -0.250563  1 0.666667  
0.002598 0 -0.0015  0.68455 0.250563 -0.68455  0 0.5  
0.0015 0 -0.002598  0.250563 0.250563 -0.935113  0.083333 0.5  
0 0 -0.003  -0.250563 0.250563 -0.935113  0.166667 0.5  
-0.0015 0 -0.002598  -0.68455 0.250563 -0.68455  0.25 0.5  
-0.002598 0 -0.0015  -0.935113 0.250563 -0.250563  0.333333 0.5  
-0.003 0 0  -0.935113 0.250563 0.250563  0.416667 0.5  
-0.002598 0 0.0015  -0.68455 0.250563 0.68455  0.5 0.5  
-0.0015 0 0.002598  -0.250563 0.250563 0.935113  0.583333 0.5  
0 0 0.003  0.250563 0.250563 0.935113  0.666667 0.5  
0.0015 0 0.002598  0.68455 0.250563 0.68455  0.75 0.5  
0.002598 0 0.0015  0.935113 0.250563 0.250563  0.833333 0.5  
0.003 0 0  0.935113 0.250563 -0.250563  0.916667 0.5  
0.002598 0 -0.0015  0.935113 0.250563 -0.250563  1 0.5  
0.00225 0.0015 -0.001299  0.50859 0.694747 -0.50859  0 0.333333  
0.001299 0.0015 -0.00225  0.186157 0.694747 -0.694746  0.083333 0.333333  
0 0.0015 -0.002598  -0.186157 0.694747 -0.694746  0.166667 0.333333  
-0.001299 0.0015 -0.00225  -0.50859 0.694747 -0.50859  0.25 0.333333  
-0.00225 0.0015 -0.001299  -0.694747 0.694747 -0.186157  0.333333 0.333333  
-0.002598 0.0015 0  -0.694747 0.694747 0.186157  0.416667 0.333333  
-0.00225 0.0015 0.001299  -0.50859 0.694747 0.50859  0.5 0.333333  
-0.001299 0.0015 0.00225  -0.186157 0.694747 0.694746  0.583333 0.333333  
0 0.0015 0.002598  0.186157 0.694747 0.694746  0.666667 0.333333  
0.001299 0.0015 0.00225  0.50859 0.694747 0.50859  0.75 0.333333  
0.00225 0.0015 0.001299  0.694747 0.694747 0.186157  0.833333 0.333333  
0.002598 0.0015 0  0.694747 0.694747 -0.186157  0.916667 0.333333  
0.00225 0.0015 -0.001299  0.694747 0.694747 -0.186157  1 0.333333  
0.001299 0.002598 -0.00075  0.189015 0.963611 -0.189015  0 0.166667  
0.00075 0.002598 -0.001299  0.069184 0.963611 -0.258199  0.083333 0.166667  
0 0.002598 -0.0015  -0.069184 0.963611 -0.258199  0.166667 0.166667  
-0.00075 0.002598 -0.001299  -0.189015 0.963611 -0.189015  0.25 0.166667  
-0.001299 0.002598 -0.00075  -0.258199 0.963611 -0.069184  0.333333 0.166667  
-0.0015 0.002598 0  -0.258199 0.963611 0.069184  0.416667 0.166667  
-0.001299 0.002598 0.00075  -0.189015 0.963611 0.189015  0.5 0.166667  
-0.00075 0.002598 0.001299  -0.069184 0.963611 0.258199  0.583333 0.166667  
0 0.002598 0.0015  0.069184 0.963611 0.258199  0.666667 0.166667  
0.00075 0.002598 0.001299  0.189015 0.963611 0.189015  0.75 0.166667  
0.001299 0.002598 0.00075  0.258199 0.963611 0.069184  0.833333 0.166667  
0.0015 0.002598 0  0.258199 0.963611 -0.069184  0.916667 0.166667  
0.001299 0.002598 -0.00075  0.258199 0.963611 -0.069184  1 0.166667  
0 -0.003 0  0.189015 -0.963611 -0.189015  0.041667 1  
0 -0.003 0  0.069184 -0.963611 -0.258199  0.125 1  
0 -0.003 0  -0.069184 -0.963611 -0.258199  0.208333 1  
0 -0.003 0  -0.189015 -0.963611 -0.189015  0.291667 1  
0 -0.003 0  -0.258199 -0.963611 -0.069184  0.375 1  
0 -0.003 0  -0.258199 -0.963611 0.069184  0.458333 1  
0 -0.003 0  -0.189015 -0.963611 0.189015  0.541667 1  
0 -0.003 0  -0.069184 -0.963611 0.258199  0.625 1  
0 -0.003 0  0.069184 -0.963611 0.258199  0.708333 1  
0 -0.003 0  0.189015 -0.963611 0.189015  0.791667 1  
0 -0.003 0  0.258199 -0.963611 0.069184  0.875 1  
0 -0.003 0  0.258199 -0.963611 -0.069184  0.958333 1  
0 0.003 0  0.189015 0.963611 -0.189015  0.041667 0  
0 0.003 0  0.069184 0.963611 -0.258199  0.125 0  
0 0.003 0  -0.069184 0.963611 -0.258199  0.208333 0  
0 0.003 0  -0.189015 0.963611 -0.189015  0.291667 0  
0 0.003 0  -0.258199 0.963611 -0.069184  0.375 0  
0 0.003 0  -0.258199 0.963611 0.069184  0.458333 0  
0 0.003 0  -0.189015 0.963611 0.189015  0.541667 0  
0 0.003 0  -0.069184 0.963611 0.258199  0.625 0  
0 0.003 0  0.069184 0.963611 0.258199  0.708333 0  
0 0.003 0  0.189015 0.963611 0.189015  0.791667 0  
0 0.003 0  0.258199 0.963611 0.069184  0.875 0  
0 0.003 0  0.258199 0.963611 -0.069184  0.958333 0  
i pSphere1 360
0 1 13 
13 1 14 
1 2 14 
14 2 15 
2 3 15 
15 3 16 
3 4 16 
16 4 17 
4 5 17 
17 5 18 
5 6 18 
18 6 19 
6 7 19 
19 7 20 
7 8 20 
20 8 21 
8 9 21 
21 9 22 
9 10 22 
22 10 23 
10 11 23 
23 11 24 
11 12 24 
24 12 25 
13 14 26 
26 14 27 
14 15 27 
27 15 28 
15 16 28 
28 16 29 
16 17 29 
29 17 30 
17 18 30 
30 18 31 
18 19 31 
31 19 32 
19 20 32 
32 20 33 
20 21 33 
33 21 34 
21 22 34 
34 22 35 
22 23 35 
35 23 36 
23 24 36 
36 24 37 
24 25 37 
37 25 38 
26 27 39 
39 27 40 
27 28 40 
40 28 41 
28 29 41 
41 29 42 
29 30 42 
42 30 43 
30 31 43 
43 31 44 
31 32 44 
44 32 45 
32 33 45 
45 33 46 
33 34 46 
46 34 47 
34 35 47 
47 35 48 
35 36 48 
48 36 49 
36 37 49 
49 37 50 
37 38 50 
50 38 51 
39 40 52 
52 40 53 
40 41 53 
53 41 54 
41 42 54 
54 42 55 
42 43 55 
55 43 56 
43 44 56 
56 44 57 
44 45 57 
57 45 58 
45 46 58 
58 46 59 
46 47 59 
59 47 60 
47 48 60 
60 48 61 
48 49 61 
61 49 62 
49 50 62 
62 50 63 
50 51 63 
63 51 64 
1 0 65 
2 1 66 
3 2 67 
4 3 68 
5 4 69 
6 5 70 
7 6 71 
8 7 72 
9 8 73 
10 9 74 
11 10 75 
12 11 76 
52 53 77 
53 54 78 
54 55 79 
55 56 80 
56 57 81 
57 58 82 
58 59 83 
59 60 84 
60 61 85 
61 62 86 
62 63 87 
63 64 88 
